cm_per_step: 1.9874583929777145
lag_cm: [-39.74916785955429, -37.761709466576576, -35.77425107359886, -33.78679268062115, -31.799334287643433, -29.811875894665718, -27.824417501688004, -25.83695910871029, -23.849500715732574, -21.86204232275486, -19.874583929777145, -17.88712553679943, -15.899667143821716, -13.912208750844002, -11.924750357866287, -9.937291964888573, -7.949833571910858, -5.962375178933144, -3.974916785955429, -1.9874583929777145, 0.0, 1.9874583929777145, 3.974916785955429, 5.962375178933144, 7.949833571910858, 9.937291964888573, 11.924750357866287, 13.912208750844002, 15.899667143821716, 17.88712553679943, 19.874583929777145, 21.86204232275486, 23.849500715732574, 25.83695910871029, 27.824417501688004, 29.811875894665718, 31.799334287643433, 33.78679268062115, 35.77425107359886, 37.761709466576576, 39.74916785955429]
zero_scores_mean: 0.2538522155698665
shifted_scores_mean: 0.3288653696703162
num_predictive: 1242
num_phase_precession: 618
num_phase_locked: 524
num_low_grid_units: 1712
preferred_shift_mean_predictive_cm: 21.81723649747034
preferred_shift_median_predictive_cm: 19.874583929777145
preferred_shift_mean_retrospective_cm: -20.266930085025173
preferred_shift_median_retrospective_cm: -19.874583929777145
ablation_batches: 8
ablation_predictive_units: 1242
ablation_baseline_error_cm: 9.237032819184474
ablation_predictive_error_cm: 100.98623320826151
ablation_random_error_cm: [89.4066627543669, 81.23908897037995, 94.43689522532534, 92.02443678876415, 85.03862963351547]
ablation_random_error_cm_mean: 88.42914267447037
