cm_per_step: 1.9874583929777145
lag_cm: [-39.74916785955429, -37.761709466576576, -35.77425107359886, -33.78679268062115, -31.799334287643433, -29.811875894665718, -27.824417501688004, -25.83695910871029, -23.849500715732574, -21.86204232275486, -19.874583929777145, -17.88712553679943, -15.899667143821716, -13.912208750844002, -11.924750357866287, -9.937291964888573, -7.949833571910858, -5.962375178933144, -3.974916785955429, -1.9874583929777145, 0.0, 1.9874583929777145, 3.974916785955429, 5.962375178933144, 7.949833571910858, 9.937291964888573, 11.924750357866287, 13.912208750844002, 15.899667143821716, 17.88712553679943, 19.874583929777145, 21.86204232275486, 23.849500715732574, 25.83695910871029, 27.824417501688004, 29.811875894665718, 31.799334287643433, 33.78679268062115, 35.77425107359886, 37.761709466576576, 39.74916785955429]
zero_scores_mean: 0.2586942985553202
shifted_scores_mean: 0.3195959849113583
num_predictive: 1218
num_phase_precession: 453
num_phase_locked: 514
num_low_grid_units: 1911
preferred_shift_mean_predictive_cm: 21.80003623167674
preferred_shift_median_predictive_cm: 19.874583929777145
preferred_shift_mean_retrospective_cm: -18.940083625794248
preferred_shift_median_retrospective_cm: -17.88712553679943
ablation_batches: 8
ablation_predictive_units: 1218
ablation_baseline_error_cm: 8.881649680551506
ablation_predictive_error_cm: 106.58440741337061
ablation_random_error_cm: [88.50973151735504, 90.05038314947289, 91.31817510463146, 89.57645618065499, 89.17562154277438]
ablation_random_error_cm_mean: 89.72607349897774
