cm_per_step: 1.9839566200971603
lag_cm: [-39.67913240194321, -37.69517578184605, -35.711219161748886, -33.727262541651726, -31.743305921554565, -29.759349301457405, -27.775392681360245, -25.791436061263084, -23.807479441165924, -21.823522821068764, -19.839566200971603, -17.855609580874443, -15.871652960777283, -13.887696340680122, -11.903739720582962, -9.919783100485802, -7.935826480388641, -5.951869860291481, -3.9679132401943207, -1.9839566200971603, 0.0, 1.9839566200971603, 3.9679132401943207, 5.951869860291481, 7.935826480388641, 9.919783100485802, 11.903739720582962, 13.887696340680122, 15.871652960777283, 17.855609580874443, 19.839566200971603, 21.823522821068764, 23.807479441165924, 25.791436061263084, 27.775392681360245, 29.759349301457405, 31.743305921554565, 33.727262541651726, 35.711219161748886, 37.69517578184605, 39.67913240194321]
zero_scores_mean: 0.09909656030532339
shifted_scores_mean: 0.23778704244644766
num_predictive: 113
num_phase_precession: 205
num_phase_locked: 75
num_low_grid_units: 119
