shift_mode: time
space_projection: path
shift_values: [-10.0, -9.0, -8.0, -7.0, -6.0, -5.0, -4.0, -3.0, -2.0, -1.0, 0.0, 1.0, 2.0, 3.0, 4.0, 5.0, 6.0, 7.0, 8.0, 9.0, 10.0]
cm_per_step: 1.9751989841461182
lag_cm: [-19.75198984146118, -17.776790857315063, -15.801591873168945, -13.826392889022827, -11.851193904876709, -9.87599492073059, -7.900795936584473, -5.9255969524383545, -3.9503979682922363, -1.9751989841461182, 0.0, 1.9751989841461182, 3.9503979682922363, 5.9255969524383545, 7.900795936584473, 9.87599492073059, 11.851193904876709, 13.826392889022827, 15.801591873168945, 17.776790857315063, 19.75198984146118]
zero_scores_mean: 0.1577317553469209
shifted_scores_mean: 0.20888017304015338
num_predictive: 1
num_phase_precession: 5
num_phase_locked: 2
num_low_grid_units: 8
preferred_shift_mean_predictive_cm: 9.87599492073059
preferred_shift_median_predictive_cm: 9.87599492073059
preferred_shift_mean_retrospective_cm: -16.986711263656616
preferred_shift_median_retrospective_cm: -19.75198984146118
