cm_per_step: 1.9867302849888802
lag_cm: [-39.7346056997776, -37.74787541478872, -35.76114512979984, -33.77441484481096, -31.787684559822083, -29.800954274833202, -27.814223989844322, -25.827493704855442, -23.840763419866562, -21.85403313487768, -19.8673028498888, -17.88057256489992, -15.893842279911041, -13.907111994922161, -11.920381709933281, -9.9336514249444, -7.946921139955521, -5.9601908549666405, -3.9734605699777603, -1.9867302849888802, 0.0, 1.9867302849888802, 3.9734605699777603, 5.9601908549666405, 7.946921139955521, 9.9336514249444, 11.920381709933281, 13.907111994922161, 15.893842279911041, 17.88057256489992, 19.8673028498888, 21.85403313487768, 23.840763419866562, 25.827493704855442, 27.814223989844322, 29.800954274833202, 31.787684559822083, 33.77441484481096, 35.76114512979984, 37.74787541478872, 39.7346056997776]
zero_scores_mean: 0.14685907225048894
shifted_scores_mean: 0.30510002963852595
num_predictive: 314
num_phase_precession: 244
num_phase_locked: 165
num_low_grid_units: 3373
preferred_shift_mean_predictive_cm: 17.374399243883648
preferred_shift_median_predictive_cm: 15.893842279911041
preferred_shift_mean_retrospective_cm: -17.60373309895885
preferred_shift_median_retrospective_cm: -17.88057256489992
