shift_mode: time
space_projection: path
shift_values: [-20.0, -19.0, -18.0, -17.0, -16.0, -15.0, -14.0, -13.0, -12.0, -11.0, -10.0, -9.0, -8.0, -7.0, -6.0, -5.0, -4.0, -3.0, -2.0, -1.0, 0.0, 1.0, 2.0, 3.0, 4.0, 5.0, 6.0, 7.0, 8.0, 9.0, 10.0, 11.0, 12.0, 13.0, 14.0, 15.0, 16.0, 17.0, 18.0, 19.0, 20.0]
cm_per_step: 1.987458348274231
lag_cm: [-39.74916696548462, -37.76170861721039, -35.77425026893616, -33.786791920661926, -31.799333572387695, -29.811875224113464, -27.824416875839233, -25.836958527565002, -23.84950017929077, -21.86204183101654, -19.87458348274231, -17.88712513446808, -15.899666786193848, -13.912208437919617, -11.924750089645386, -9.937291741371155, -7.949833393096924, -5.962375044822693, -3.974916696548462, -1.987458348274231, 0.0, 1.987458348274231, 3.974916696548462, 5.962375044822693, 7.949833393096924, 9.937291741371155, 11.924750089645386, 13.912208437919617, 15.899666786193848, 17.88712513446808, 19.87458348274231, 21.86204183101654, 23.84950017929077, 25.836958527565002, 27.824416875839233, 29.811875224113464, 31.799333572387695, 33.786791920661926, 35.77425026893616, 37.76170861721039, 39.74916696548462]
zero_scores_mean: 0.2438954907079138
shifted_scores_mean: 0.3404958140927358
num_predictive: 1690
num_phase_precession: 457
num_phase_locked: 415
num_low_grid_units: 1534
preferred_shift_mean_predictive_cm: 24.13291879581982
preferred_shift_median_predictive_cm: 23.84950017929077
preferred_shift_mean_retrospective_cm: -20.109425388227667
preferred_shift_median_retrospective_cm: -19.87458348274231
